,花菜类,花叶类,辣椒类,茄类,食用菌,水生根茎类
花菜类,1,0.45514799896206,0.297741486494431,0.158294453630006,0.317556234931017,0.272039851680703
花叶类,0.45514799896206,1,0.425544071584417,0.230154716639725,0.42404217890339,0.306577435945596
辣椒类,0.297741486494431,0.425544071584417,1,0.10922154906119,0.384659531974043,0.232932723989776
茄类,0.158294453630006,0.230154716639725,0.10922154906119,1,-0.0586527357137459,-0.12664661389401
食用菌,0.317556234931017,0.42404217890339,0.384659531974043,-0.0586527357137459,1,0.431300727988839
水生根茎类,0.272039851680703,0.306577435945596,0.232932723989776,-0.12664661389401,0.431300727988839,1
