,花菜类,花叶类,辣椒类,茄类,食用菌,水生根茎类
花菜类,1,1.54868946122713e-111,8.61204853118631e-49,1.62500373250217e-14,2.95886593635438e-55,5.06984411050173e-41
花叶类,1.54868946122713e-111,1,7.82296874249181e-98,5.8534119979977e-29,3.70650568053284e-97,1.14146837268575e-51
辣椒类,8.61204853118631e-49,7.82296874249181e-98,1,1.15954620352461e-07,2.75512574206968e-80,1.47752753428768e-30
茄类,1.62500373250217e-14,5.8534119979977e-29,1.15954620352461e-07,1,0.0044276326116678,7.98279037704134e-10
食用菌,2.95886593635438e-55,3.70650568053284e-97,2.75512574206968e-80,0.0044276326116678,1,1.91522548210286e-100
水生根茎类,5.06984411050173e-41,1.14146837268575e-51,1.47752753428768e-30,7.98279037704134e-10,1.91522548210286e-100,1
