,花菜类,花叶类,辣椒类,茄类,食用菌,水生根茎类
花菜类,1,2.78764103020883e-110,1.93771091951692e-48,2.43750559875326e-14,8.87659780906315e-55,1.01396882210035e-40
花叶类,2.78764103020883e-110,1,4.69378124549508e-97,9.57831054217805e-29,1.66792755623978e-96,2.93520438690621e-51
辣椒类,1.93771091951692e-48,4.69378124549508e-97,1,1.49084511881735e-07,9.91845267145085e-80,2.65954956171783e-30
茄类,2.43750559875326e-14,9.57831054217805e-29,1.49084511881735e-07,1,0.00531315913400135,1.10530943682111e-09
食用菌,8.87659780906315e-55,1.66792755623978e-96,9.91845267145085e-80,0.00531315913400135,1,1.72370293389257e-99
水生根茎类,1.01396882210035e-40,2.93520438690621e-51,2.65954956171783e-30,1.10530943682111e-09,1.72370293389257e-99,1
