,花菜类,花叶类,辣椒类,茄类,食用菌,水生根茎类
花菜类,1,0.626224683529864,0.551189695457994,0.347625264026725,0.522486647254755,0.542009374088798
花叶类,0.626224683529864,1,0.659292513345042,0.322615552992324,0.630843305960465,0.561049536408814
辣椒类,0.551189695457994,0.659292513345042,1,0.317653647696822,0.687463611077893,0.614127439846512
茄类,0.347625264026725,0.322615552992324,0.317653647696822,1,0.140760369202756,0.105874403200507
食用菌,0.522486647254755,0.630843305960465,0.687463611077893,0.140760369202756,1,0.669913832155397
水生根茎类,0.542009374088798,0.561049536408814,0.614127439846512,0.105874403200507,0.669913832155397,1
