,花菜类,花叶类,辣椒类,茄类,食用菌,水生根茎类
花菜类,1,1.49520492424074e-118,8.1357300428511e-87,6.03068427123415e-31,1.03149892987305e-76,1.69543279507702e-83
花叶类,1.49520492424074e-118,1,1.64451195625991e-135,1.10776308232139e-26,7.99942282533268e-121,1.40593850122154e-90
辣椒类,8.1357300428511e-87,1.64451195625991e-135,1,6.63497747978606e-26,2.17875682634947e-151,5.37563213224059e-113
茄类,6.03068427123415e-31,1.10776308232139e-26,6.63497747978606e-26,1,6.02019660651353e-06,0.000707665062390397
食用菌,1.03149892987305e-76,7.99942282533268e-121,2.17875682634947e-151,6.02019660651353e-06,1,2.74025126451615e-141
水生根茎类,1.69543279507702e-83,1.40593850122154e-90,5.37563213224059e-113,0.000707665062390397,2.74025126451615e-141,1
