,花菜类,花叶类,辣椒类,茄类,食用菌,水生根茎类
花菜类,1,4.15334701177983e-119,3.61588001904493e-87,3.6854181657542e-31,5.73054961040583e-77,8.4771639753851e-84
花叶类,4.15334701177983e-119,1,2.74085326043319e-136,7.38508721547594e-27,1.7776495167406e-121,5.46753861586156e-91
辣椒类,3.61588001904493e-87,2.74085326043319e-136,1,4.79192817984549e-26,1.21042045908304e-152,1.79187737741353e-113
茄类,3.6854181657542e-31,7.38508721547594e-27,4.79192817984549e-26,1,4.68237513839942e-06,0.000589720885325331
食用菌,5.73054961040583e-77,1.7776495167406e-121,1.21042045908304e-152,4.68237513839942e-06,1,3.04472362724017e-142
水生根茎类,8.4771639753851e-84,5.46753861586156e-91,1.79187737741353e-113,0.000589720885325331,3.04472362724017e-142,1
