,花菜类,花叶类,辣椒类,茄类,食用菌,水生根茎类
花菜类,0.999999999999998,0.0106230404760358,-0.270053958846646,0.125833472809437,-0.282613876549171,-0.0591336315089027
花叶类,0.0106230404760358,0.999999999999999,-0.428166790006113,0.198316551761044,-0.545209335867577,-0.388360078905929
辣椒类,-0.270053958846646,-0.428166790006113,1,-0.0713215081633374,-0.0112936154949044,-0.180215344379174
茄类,0.125833472809437,0.198316551761044,-0.0713215081633374,0.999999999999999,-0.45601803072578,-0.36856409717508
食用菌,-0.282613876549171,-0.545209335867577,-0.0112936154949044,-0.45601803072578,1,0.192098011032813
水生根茎类,-0.0591336315089027,-0.388360078905929,-0.180215344379174,-0.36856409717508,0.192098011032813,1
