,花菜类,花叶类,辣椒类,茄类,食用菌,水生根茎类
花菜类,1,6.07686020001993e-121,1.30982833082078e-49,1.94085181016884e-14,1.08397499460736e-57,1.48049719324924e-41
花叶类,6.07686020001993e-121,1,3.38695956001113e-104,3.72046236554469e-27,1.02334382049495e-104,6.80281231812952e-52
辣椒类,1.30982833082078e-49,3.38695956001113e-104,1,7.52511368999235e-07,7.9324478320408e-81,2.42986851762602e-29
茄类,1.94085181016884e-14,3.72046236554469e-27,7.52511368999235e-07,1,0.00418303532789457,3.84220763421644e-10
食用菌,1.08397499460736e-57,1.02334382049495e-104,7.9324478320408e-81,0.00418303532789457,1,2.86583800221858e-108
水生根茎类,1.48049719324924e-41,6.80281231812952e-52,2.42986851762602e-29,3.84220763421644e-10,2.86583800221858e-108,1
