,花菜类,花叶类,辣椒类,茄类,食用菌,水生根茎类
花菜类,1,0.632525112448869,0.429797317685018,0.234882398078999,0.461097598605619,0.395275483545733
花叶类,0.632525112448869,1,0.594918161355395,0.325694451648497,0.59640043174945,0.438887791068088
辣椒类,0.429797317685018,0.594918161355395,1,0.153448999346112,0.535043965843591,0.333497081839003
茄类,0.234882398078999,0.325694451648497,0.153448999346112,1,-0.0900769087095625,-0.193150596017682
食用菌,0.461097598605619,0.59640043174945,0.535043965843591,-0.0900769087095625,1,0.604824507099513
水生根茎类,0.395275483545733,0.438887791068088,0.333497081839003,-0.193150596017682,0.604824507099513,1
