,花菜类,花叶类,辣椒类,茄类,食用菌,水生根茎类
花菜类,1,3.37603344445552e-122,5.82145924809235e-50,1.29390120677923e-14,3.61324998202454e-58,7.40248596624622e-42
花叶类,3.37603344445552e-122,1,7.52657680002474e-105,2.27361589005509e-27,1.70557303415824e-105,2.64553812371703e-52
辣椒类,5.82145924809235e-50,7.52657680002474e-105,1,5.85286620332739e-07,2.20345773112244e-81,1.34992695423668e-29
茄类,1.29390120677923e-14,2.27361589005509e-27,5.85286620332739e-07,1,0.00348586277324548,2.77492773582298e-10
食用菌,3.61324998202454e-58,1.70557303415824e-105,2.20345773112244e-81,0.00348586277324548,1,3.18426444690954e-109
水生根茎类,7.40248596624622e-42,2.64553812371703e-52,1.34992695423668e-29,2.77492773582298e-10,3.18426444690954e-109,1
