,花菜类,花叶类,辣椒类,茄类,食用菌,水生根茎类
花菜类,1,0.473982767063659,0.495737172464436,0.356270754362532,0.438691372161498,0.387215057730016
花叶类,0.473982767063659,1,0.569708825080852,0.442335031677296,0.560258969494308,0.443092362517301
辣椒类,0.495737172464436,0.569708825080852,1,0.461298567204921,0.559002416593368,0.43813774102472
茄类,0.356270754362532,0.442335031677296,0.461298567204921,1,0.410302354491091,0.347725619358282
食用菌,0.438691372161498,0.560258969494308,0.559002416593368,0.410302354491091,1,0.430280568650446
水生根茎类,0.387215057730016,0.443092362517301,0.43813774102472,0.347725619358282,0.430280568650446,1
